ncols         30
nrows         30
xllcorner     308214.21450703
yllcorner     6373026.5642768
cellsize      10
NODATA_value  -9999
206299.8 206299.9 206299.8 206299.8 206299.9 206299.8 206299.9 206299.8 206299.9 206299.9 206299.9 206299.9 206299.8 206299.9 206299.8 206300.2 206300.1 206300.1 206299.9 206299.9 206299.9 206299.9 206299.9 206299.9 206299.9 206299.9 206299.9 206299.9 206299.9 206300 
206299.8 206299.7 206299.7 206299.7 206299.8 206299.8 206299.8 206299.8 206299.9 206299.8 206299.8 206299.8 206299.8 206299.9 206300 206300.1 206300.1 206300 206299.9 206299.9 206299.9 206299.9 206299.9 206299.9 206299.9 206299.9 206299.9 206299.9 206300 206300 
206299.8 206299.7 206299.7 206299.7 206299.8 206299.8 206299.8 206299.8 206299.9 206299.8 206299.8 206299.8 206299.8 206299.9 206299.9 206299.9 206299.9 206299.9 206300 206300 206299.9 206299.8 206299.8 206299.8 206299.8 206299.8 206299.9 206299.9 206299.9 206299.9 
206299.9 206299.9 206299.9 206299.9 206299.9 206299.9 206299.9 206299.9 206299.9 206299.9 206299.9 206299.8 206299.8 206299.8 206299.8 206299.9 206300 206300.1 206300 206300 206299.9 206299.8 206299.8 206299.8 206299.8 206299.8 206299.9 206299.9 206299.9 206299.9 
206299.9 206299.9 206299.9 206299.9 206300 206299.9 206299.9 206299.9 206299.8 206299.8 206299.8 206299.9 206299.8 206299.8 206299.8 206299.9 206300 206300 206299.9 206299.9 206299.9 206299.9 206299.9 206299.9 206299.9 206299.9 206299.9 206299.9 206299.9 206299.9 
206299.9 206299.9 206299.9 206299.9 206300 206300 206300 206299.9 206299.8 206299.8 206299.8 206299.8 206299.6 206299.5 206299.4 206299.4 206299.4 206299.4 206299.6 206299.8 206299.8 206299.8 206299.7 206299.8 206299.8 206299.8 206299.8 206299.8 206299.7 206299.7 
206299.9 206299.9 206299.9 206299.9 206299.9 206299.9 206299.9 206299.9 206299.9 206299.9 206299.8 206299.8 206299.6 206299.5 206299.4 206299.4 206299.4 206299.4 206299.6 206299.8 206299.8 206299.8 206299.7 206299.8 206299.8 206299.8 206299.8 206299.8 206299.7 206299.7 
206299.9 206299.9 206299.9 206299.9 206299.9 206299.9 206299.9 206299.9 206299.8 206299.9 206299.9 206299.9 206299.9 206299.9 206299.9 206299.9 206299.8 206299.9 206299.9 206299.9 206299.9 206299.9 206299.9 206299.9 206299.9 206299.9 206299.9 206299.9 206299.9 206299.9 
206300 206300 206300 206300 206300 206300 206299.9 206299.9 206299.8 206299.7 206299.6 206299.5 206299.5 206299.5 206299.5 206299.5 206299.4 206299.4 206299.4 206299.4 206299.5 206299.5 206299.5 206299.5 206299.6 206299.6 206299.6 206299.5 206299.5 206299.7 
206299.9 206299.9 206299.9 206299.9 206299.9 206299.9 206299.9 206299.9 206299.8 206299.7 206299.6 206299.5 206299.5 206299.5 206299.5 206299.5 206299.5 206299.4 206299.4 206299.4 206299.5 206299.5 206299.5 206299.5 206299.6 206299.6 206299.6 206299.5 206299.5 206299.1 
206299.9 206299.9 206299.8 206299.8 206299.6 206299.5 206299.7 206299.8 206299.9 206299.9 206299.9 206299.9 206299.9 206299.9 206299.9 206299.9 206299.9 206299.9 206299.9 206299.9 206299.9 206299.9 206299.9 206299.9 206299.9 206299.9 206299.9 206299.9 206299.8 206299.8 
206299.9 206299.9 206299.8 206299.8 206299.6 206299.5 206299.6 206299.7 206299.6 206299.6 206299.7 206299.8 206299.9 206299.9 206299.8 206299.8 206299.8 206299.8 206299.7 206299.7 206299.6 206299.7 206299.7 206299.7 206299.6 206299.7 206299.8 206299.9 206299.9 206299.9 
206299.9 206299.9 206299.9 206299.9 206299.9 206299.9 206299.8 206299.7 206299.6 206299.6 206299.7 206299.8 206299.9 206299.9 206299.8 206299.8 206299.8 206299.8 206299.7 206299.7 206299.6 206299.7 206299.7 206299.7 206299.6 206299.7 206299.3 206300 206300 206299.9 
206300 206300 206300 206299.9 206299.9 206299.9 206299.9 206299.9 206299.9 206299.9 206299.9 206299.9 206299.9 206299.9 206299.9 206299.9 206299.9 206299.9 206299.9 206299.9 206299.9 206299.9 206299.9 206299.9 206299.9 206299.9 206299.4 206300 206300 206299.9 
206300 206300 206300 206300 206299.9 206299.8 206299.8 206299.8 206299.9 206299.9 206299.9 206299.9 206299.9 206299.9 206300 206300 206300 206300 206300 206300 206300 206300 206300 206300 206299.9 206299.9 206299.4 206299.9 206299.9 206299.9 
206299.9 206299.9 206299.9 206300 206299.9 206299.8 206299.8 206299.8 206299.9 206300 206300 206300 206300 206300.1 206300.2 206300.3 206300.3 206300.4 206300.4 206300.3 206300.2 206300.2 206300.3 206300.5 206300.5 206300.5 206299.7 206300 206299.9 206299.9 
206299.8 206299.8 206299.9 206299.9 206299.9 206299.9 206299.9 206299.9 206299.9 206299.9 206300 206300 206300 206300 206300.1 206300.2 206300.3 206300.3 206300.3 206300.2 206300 206300.1 206300.2 206300.4 206300.5 206300.4 206300.3 206300.2 206300.2 206300.1 
206299.8 206299.8 206299.9 206299.9 206300.1 206300.1 206300 206300.1 206300 206300 206299.9 206299.9 206299.9 206299.9 206299.9 206299.9 206299.9 206299.9 206299.9 206300 206300 206300 206299.9 206299.9 206299.9 206299.9 206300 206300.1 206300.2 206300 
206299.9 206299.9 206299.9 206299.9 206300.1 206300.2 206300.3 206300.3 206300.3 206300.3 206300.3 206300.3 206300.3 206300.2 206300.1 206300 206299.9 206299.9 206299.9 206300.1 206300.2 206300.2 206300.2 206300 206299.9 206299.9 206299.9 206299.8 206299.8 206299.8 
206299.9 206299.9 206299.9 206299.9 206299.9 206300 206300.1 206300.1 206300.2 206300.2 206300.3 206300.3 206300.2 206300.2 206300.1 206300 206299.9 206299.9 206299.9 206300 206300 206300.1 206300.2 206300.1 206300 206300 206300 206299.9 206299.8 206299.9 
206299.9 206299.9 206299.9 206299.9 206299.9 206299.9 206299.9 206299.9 206299.9 206300 206299.9 206299.9 206299.9 206299.8 206299.8 206299.8 206299.8 206299.8 206299.8 206299.8 206299.9 206299.9 206299.9 206299.9 206300 206300 206300 206299.9 206299.9 206299.9 
206299.9 206299.9 206299.9 206299.9 206299.9 206299.9 206299.9 206300 206300 206300 206300 206300 206299.9 206299.8 206299.8 206299.8 206299.8 206299.8 206299.8 206299.8 206299.9 206299.9 206299.8 206299.8 206299.8 206299.8 206299.8 206299.8 206299.9 206299.9 
206299.9 206299.9 206299.9 206299.9 206299.9 206299.9 206299.9 206299.9 206299.9 206299.9 206300 206300 206299.9 206299.9 206299.9 206299.9 206299.9 206299.9 206299.9 206299.9 206299.9 206299.9 206299.8 206299.7 206299.8 206299.8 206299.8 206299.8 206299.9 206299.9 
206299.8 206299.7 206299.7 206299.7 206299.7 206299.8 206299.8 206299.9 206299.9 206299.9 206299.8 206299.8 206299.8 206299.9 206299.9 206299.9 206299.9 206299.9 206299.9 206299.9 206299.9 206299.9 206299.8 206299.8 206299.8 206299.9 206299.9 206299.9 206299.9 206299.9 
206299.8 206299.7 206299.7 206299.7 206299.7 206299.8 206299.8 206299.9 206299.9 206299.9 206299.8 206299.8 206299.8 206299.9 206299.9 206299.9 206300 206300 206300 206299.9 206299.9 206299.8 206299.8 206299.9 206299.9 206299.9 206299.9 206300 206300 206299.9 
206299.8 206299.8 206299.9 206299.9 206299.9 206299.9 206299.9 206299.9 206299.9 206299.9 206299.9 206299.9 206299.9 206299.9 206299.9 206299.9 206300 206299.9 206299.9 206299.9 206299.9 206299.8 206299.8 206299.8 206299.9 206299.9 206299.9 206300 206300 206300 
206299.9 206299.9 206299.9 206300 206300 206300 206299.9 206299.8 206299.8 206299.8 206299.7 206299.7 206299.8 206299.8 206299.9 206299.9 206299.9 206299.9 206299.9 206299.9 206299.9 206299.9 206299.9 206299.9 206299.9 206299.9 206299.9 206299.9 206300 206300 
206299.8 206299.8 206300 206300.1 206300.1 206300 206299.9 206299.8 206299.8 206299.8 206299.7 206299.7 206299.8 206299.8 206299.9 206300 206300 206300 206299.9 206299.9 206300 206300 206300 206299.9 206299.9 206299.9 206299.9 206299.9 206299.9 206299.9 
206299.8 206299.8 206299.9 206300 206300 206299.9 206299.9 206299.9 206299.9 206299.9 206299.9 206299.9 206299.9 206299.9 206299.9 206300 206300 206300.1 206300.1 206300.1 206300 206300 206300 206300.1 206300.1 206300.1 206300.1 206300.1 206300 206300 
206299.8 206299.9 206299.9 206299.8 206299.9 206299.9 206299.8 206299.9 206299.8 206299.9 206299.8 206299.8 206299.9 206299.9 206299.9 206299.8 206299.9 206300 206300.1 206300.2 206299.9 206299.8 206299.9 206300 206300.2 206300.1 206300 206300.1 206300 206300 
