ncols         30
nrows         30
xllcorner     308214.21450703
yllcorner     6373026.5642768
cellsize      10
NODATA_value  -9999
209307.2 209307.2 209307.1 209307.1 209307.2 209307.1 209307.2 209307.1 209307.2 209307.2 209307.2 209307.2 209307.2 209307.2 209307.1 209307.5 209307.4 209307.4 209307.2 209307.2 209307.2 209307.2 209307.2 209307.2 209307.2 209307.2 209307.2 209307.2 209307.2 209307.3 
209307.1 209307 209307 209307 209307.1 209307.1 209307.1 209307.2 209307.2 209307.2 209307.1 209307.2 209307.2 209307.2 209307.3 209307.4 209307.4 209307.3 209307.2 209307.2 209307.2 209307.2 209307.2 209307.2 209307.2 209307.2 209307.2 209307.2 209307.3 209307.3 
209307.1 209307 209307 209307 209307.1 209307.1 209307.1 209307.2 209307.2 209307.2 209307.1 209307.1 209307.2 209307.2 209307.2 209307.2 209307.2 209307.2 209307.3 209307.3 209307.2 209307.1 209307.1 209307.1 209307.1 209307.1 209307.2 209307.2 209307.2 209307.2 
209307.2 209307.2 209307.2 209307.2 209307.2 209307.2 209307.2 209307.2 209307.2 209307.2 209307.2 209307.2 209307.2 209307.1 209307.1 209307.2 209307.3 209307.3 209307.3 209307.3 209307.2 209307.1 209307.1 209307.1 209307.1 209307.1 209307.2 209307.2 209307.2 209307.2 
209307.2 209307.2 209307.2 209307.3 209307.3 209307.2 209307.2 209307.2 209307.1 209307.1 209307.1 209307.2 209307.2 209307.1 209307.1 209307.2 209307.3 209307.3 209307.2 209307.2 209307.2 209307.2 209307.2 209307.2 209307.2 209307.2 209307.2 209307.2 209307.2 209307.2 
209307.2 209307.2 209307.2 209307.2 209307.3 209307.3 209307.3 209307.2 209307.1 209307.1 209307.1 209307.1 209307 209306.9 209306.8 209306.7 209306.7 209306.8 209307 209307.1 209307.1 209307.1 209307 209307.1 209307.1 209307.1 209307.1 209307.1 209307 209307 
209307.2 209307.2 209307.2 209307.2 209307.2 209307.2 209307.2 209307.2 209307.2 209307.2 209307.2 209307.1 209307 209306.9 209306.8 209306.7 209306.7 209306.8 209307 209307.1 209307.1 209307.1 209307 209307.1 209307.1 209307.1 209307.1 209307.1 209307 209307 
209307.2 209307.2 209307.2 209307.2 209307.2 209307.2 209307.2 209307.2 209307.1 209307.2 209307.2 209307.2 209307.2 209307.2 209307.2 209307.2 209307.2 209307.2 209307.2 209307.2 209307.2 209307.2 209307.2 209307.2 209307.2 209307.2 209307.2 209307.2 209307.2 209307.2 
209307.3 209307.3 209307.3 209307.3 209307.3 209307.3 209307.2 209307.2 209307.1 209307 209306.9 209306.9 209306.8 209306.8 209306.8 209306.8 209306.8 209306.8 209306.8 209306.8 209306.8 209306.9 209306.9 209306.9 209306.9 209306.9 209306.9 209306.8 209306.9 209307.1 
209307.2 209307.2 209307.2 209307.2 209307.2 209307.2 209307.2 209307.2 209307.1 209307 209306.9 209306.9 209306.8 209306.9 209306.9 209306.8 209306.8 209306.8 209306.8 209306.8 209306.8 209306.9 209306.9 209306.9 209306.9 209306.9 209306.9 209306.8 209306.8 209306.4 
209307.2 209307.2 209307.2 209307.1 209307 209306.9 209307 209307.1 209307.2 209307.2 209307.2 209307.2 209307.2 209307.2 209307.2 209307.2 209307.2 209307.2 209307.2 209307.2 209307.2 209307.2 209307.2 209307.2 209307.2 209307.2 209307.2 209307.2 209307.1 209307.1 
209307.2 209307.2 209307.2 209307.1 209307 209306.9 209306.9 209307 209307 209306.9 209307 209307.1 209307.2 209307.2 209307.2 209307.1 209307.1 209307.1 209307 209307 209307 209307 209307 209307 209307 209307 209307.1 209307.2 209307.2 209307.2 
209307.2 209307.2 209307.2 209307.2 209307.2 209307.2 209307.1 209307 209307 209306.9 209307 209307.1 209307.2 209307.2 209307.2 209307.1 209307.1 209307.1 209307 209307 209307 209307 209307 209307 209307 209307 209306.6 209307.3 209307.3 209307.2 
209307.3 209307.3 209307.3 209307.2 209307.2 209307.2 209307.2 209307.2 209307.2 209307.2 209307.2 209307.2 209307.2 209307.2 209307.2 209307.2 209307.2 209307.2 209307.2 209307.2 209307.2 209307.2 209307.2 209307.2 209307.2 209307.2 209306.7 209307.3 209307.3 209307.2 
209307.3 209307.3 209307.3 209307.3 209307.2 209307.1 209307.1 209307.1 209307.2 209307.2 209307.2 209307.2 209307.2 209307.2 209307.3 209307.3 209307.3 209307.3 209307.3 209307.3 209307.3 209307.3 209307.3 209307.3 209307.2 209307.2 209306.7 209307.2 209307.2 209307.2 
209307.2 209307.2 209307.2 209307.3 209307.2 209307.1 209307.1 209307.1 209307.2 209307.3 209307.3 209307.3 209307.3 209307.4 209307.4 209307.5 209307.6 209307.6 209307.6 209307.5 209307.4 209307.4 209307.6 209307.7 209307.8 209307.7 209307 209307.3 209307.2 209307.2 
209307.1 209307.1 209307.2 209307.2 209307.2 209307.2 209307.2 209307.2 209307.2 209307.2 209307.3 209307.3 209307.3 209307.3 209307.4 209307.5 209307.5 209307.6 209307.5 209307.4 209307.3 209307.4 209307.5 209307.6 209307.7 209307.7 209307.5 209307.5 209307.5 209307.4 
209307.1 209307.2 209307.2 209307.2 209307.4 209307.4 209307.3 209307.3 209307.3 209307.3 209307.2 209307.2 209307.2 209307.2 209307.2 209307.2 209307.2 209307.2 209307.2 209307.3 209307.3 209307.3 209307.2 209307.2 209307.2 209307.2 209307.3 209307.4 209307.4 209307.3 
209307.2 209307.2 209307.2 209307.2 209307.4 209307.5 209307.5 209307.5 209307.6 209307.6 209307.6 209307.5 209307.5 209307.5 209307.4 209307.3 209307.2 209307.2 209307.2 209307.4 209307.5 209307.5 209307.4 209307.3 209307.2 209307.2 209307.2 209307.1 209307.1 209307.1 
209307.2 209307.2 209307.2 209307.2 209307.2 209307.3 209307.3 209307.4 209307.4 209307.5 209307.5 209307.5 209307.5 209307.5 209307.4 209307.3 209307.2 209307.2 209307.2 209307.3 209307.3 209307.4 209307.4 209307.4 209307.3 209307.3 209307.3 209307.2 209307.1 209307.2 
209307.2 209307.2 209307.2 209307.2 209307.2 209307.2 209307.2 209307.2 209307.2 209307.3 209307.2 209307.2 209307.2 209307.1 209307.1 209307.1 209307.1 209307.2 209307.2 209307.2 209307.2 209307.2 209307.2 209307.2 209307.3 209307.3 209307.3 209307.2 209307.2 209307.2 
209307.2 209307.2 209307.2 209307.2 209307.2 209307.2 209307.2 209307.3 209307.3 209307.3 209307.3 209307.3 209307.2 209307.1 209307.1 209307.1 209307.1 209307.2 209307.2 209307.2 209307.2 209307.2 209307.1 209307.1 209307.1 209307.1 209307.1 209307.2 209307.2 209307.2 
209307.2 209307.2 209307.2 209307.2 209307.2 209307.2 209307.2 209307.2 209307.2 209307.2 209307.3 209307.3 209307.2 209307.2 209307.2 209307.2 209307.2 209307.2 209307.2 209307.2 209307.2 209307.2 209307.1 209307 209307.1 209307.1 209307.1 209307.2 209307.2 209307.2 
209307.1 209307 209307 209307 209307 209307.1 209307.2 209307.2 209307.2 209307.2 209307.1 209307.1 209307.1 209307.2 209307.2 209307.2 209307.2 209307.2 209307.2 209307.2 209307.2 209307.2 209307.2 209307.1 209307.2 209307.2 209307.2 209307.2 209307.2 209307.2 
209307.1 209307 209307 209307 209307 209307.1 209307.2 209307.2 209307.2 209307.2 209307.1 209307.1 209307.1 209307.2 209307.2 209307.2 209307.3 209307.3 209307.3 209307.2 209307.2 209307.1 209307.2 209307.2 209307.2 209307.2 209307.2 209307.3 209307.3 209307.2 
209307.1 209307.2 209307.2 209307.2 209307.2 209307.2 209307.2 209307.2 209307.2 209307.2 209307.2 209307.2 209307.2 209307.2 209307.2 209307.2 209307.3 209307.2 209307.2 209307.2 209307.2 209307.1 209307.1 209307.1 209307.2 209307.2 209307.2 209307.3 209307.3 209307.3 
209307.2 209307.2 209307.2 209307.3 209307.3 209307.3 209307.2 209307.2 209307.1 209307.1 209307 209307 209307.1 209307.2 209307.2 209307.2 209307.2 209307.2 209307.2 209307.2 209307.2 209307.2 209307.2 209307.2 209307.2 209307.2 209307.2 209307.2 209307.3 209307.3 
209307.1 209307.1 209307.3 209307.3 209307.4 209307.3 209307.2 209307.2 209307.1 209307.1 209307 209307 209307.1 209307.2 209307.2 209307.3 209307.3 209307.3 209307.2 209307.2 209307.3 209307.3 209307.3 209307.2 209307.2 209307.2 209307.2 209307.2 209307.2 209307.2 
209307.1 209307.1 209307.2 209307.3 209307.3 209307.2 209307.2 209307.2 209307.2 209307.2 209307.2 209307.2 209307.2 209307.2 209307.2 209307.3 209307.3 209307.4 209307.4 209307.4 209307.3 209307.3 209307.3 209307.4 209307.4 209307.4 209307.4 209307.3 209307.3 209307.3 
209307.1 209307.2 209307.2 209307.2 209307.2 209307.2 209307.1 209307.2 209307.1 209307.2 209307.2 209307.2 209307.2 209307.2 209307.2 209307.2 209307.2 209307.3 209307.3 209307.4 209307.2 209307.1 209307.2 209307.3 209307.5 209307.4 209307.3 209307.4 209307.3 209307.3 
