ncols         30
nrows         30
xllcorner     308214.21450703
yllcorner     6373026.5642768
cellsize      10
NODATA_value  -9999
191041.7 191041.8 191041.7 191041.7 191041.8 191041.7 191041.8 191041.7 191041.8 191041.8 191041.8 191041.8 191041.7 191041.8 191041.7 191042.1 191042 191042 191041.8 191041.8 191041.7 191041.8 191041.7 191041.8 191041.8 191041.7 191041.8 191041.8 191041.8 191041.9 
191041.6 191041.6 191041.6 191041.6 191041.6 191041.7 191041.7 191041.7 191041.8 191041.7 191041.7 191041.7 191041.7 191041.7 191041.8 191042 191042 191041.9 191041.8 191041.8 191041.8 191041.8 191041.8 191041.8 191041.8 191041.8 191041.8 191041.8 191041.8 191041.8 
191041.6 191041.6 191041.6 191041.6 191041.6 191041.7 191041.7 191041.7 191041.8 191041.7 191041.7 191041.7 191041.7 191041.8 191041.8 191041.8 191041.8 191041.8 191041.9 191041.8 191041.7 191041.7 191041.6 191041.6 191041.6 191041.7 191041.7 191041.8 191041.8 191041.8 
191041.8 191041.8 191041.8 191041.8 191041.8 191041.8 191041.8 191041.8 191041.8 191041.8 191041.7 191041.7 191041.7 191041.7 191041.7 191041.8 191041.9 191042 191041.9 191041.8 191041.8 191041.7 191041.6 191041.6 191041.6 191041.7 191041.7 191041.8 191041.8 191041.8 
191041.8 191041.8 191041.8 191041.8 191041.8 191041.8 191041.8 191041.7 191041.7 191041.7 191041.7 191041.7 191041.7 191041.7 191041.7 191041.8 191041.9 191041.9 191041.8 191041.8 191041.8 191041.8 191041.8 191041.8 191041.8 191041.8 191041.8 191041.8 191041.7 191041.8 
191041.8 191041.8 191041.8 191041.8 191041.9 191041.9 191041.8 191041.7 191041.7 191041.7 191041.7 191041.6 191041.5 191041.4 191041.3 191041.2 191041.2 191041.3 191041.5 191041.7 191041.7 191041.6 191041.6 191041.6 191041.7 191041.7 191041.7 191041.7 191041.6 191041.6 
191041.8 191041.8 191041.8 191041.8 191041.8 191041.8 191041.8 191041.8 191041.8 191041.8 191041.7 191041.6 191041.5 191041.4 191041.3 191041.2 191041.2 191041.3 191041.5 191041.7 191041.7 191041.6 191041.6 191041.6 191041.7 191041.7 191041.7 191041.7 191041.6 191041.6 
191041.8 191041.8 191041.8 191041.8 191041.8 191041.8 191041.8 191041.7 191041.7 191041.7 191041.8 191041.8 191041.8 191041.8 191041.8 191041.7 191041.7 191041.7 191041.8 191041.8 191041.8 191041.8 191041.8 191041.8 191041.8 191041.8 191041.8 191041.8 191041.8 191041.8 
191041.8 191041.9 191041.9 191041.9 191041.9 191041.9 191041.8 191041.7 191041.7 191041.6 191041.5 191041.4 191041.3 191041.4 191041.4 191041.3 191041.3 191041.2 191041.2 191041.3 191041.3 191041.4 191041.4 191041.4 191041.4 191041.5 191041.4 191041.3 191041.4 191041.6 
191041.8 191041.8 191041.8 191041.8 191041.8 191041.8 191041.8 191041.8 191041.7 191041.6 191041.5 191041.4 191041.4 191041.4 191041.4 191041.4 191041.3 191041.3 191041.3 191041.3 191041.3 191041.4 191041.4 191041.4 191041.4 191041.5 191041.4 191041.3 191041.3 191041 
191041.7 191041.8 191041.7 191041.7 191041.5 191041.4 191041.5 191041.7 191041.8 191041.8 191041.8 191041.8 191041.8 191041.8 191041.8 191041.8 191041.8 191041.8 191041.8 191041.8 191041.8 191041.8 191041.8 191041.8 191041.8 191041.8 191041.8 191041.8 191041.7 191041.6 
191041.7 191041.8 191041.7 191041.7 191041.5 191041.4 191041.5 191041.5 191041.5 191041.5 191041.5 191041.7 191041.8 191041.8 191041.7 191041.7 191041.6 191041.6 191041.6 191041.5 191041.5 191041.5 191041.6 191041.5 191041.5 191041.5 191041.7 191041.8 191041.8 191041.8 
191041.7 191041.7 191041.8 191041.8 191041.8 191041.8 191041.7 191041.6 191041.5 191041.5 191041.5 191041.7 191041.8 191041.8 191041.7 191041.7 191041.6 191041.6 191041.6 191041.5 191041.5 191041.5 191041.6 191041.5 191041.5 191041.6 191041.3 191041.9 191041.9 191041.8 
191041.9 191041.9 191041.9 191041.8 191041.8 191041.8 191041.8 191041.8 191041.8 191041.8 191041.8 191041.8 191041.8 191041.8 191041.8 191041.8 191041.8 191041.8 191041.8 191041.8 191041.8 191041.8 191041.8 191041.8 191041.8 191041.8 191041.3 191041.9 191041.9 191041.8 
191041.9 191041.9 191041.9 191041.9 191041.8 191041.7 191041.7 191041.7 191041.8 191041.8 191041.8 191041.8 191041.8 191041.8 191041.8 191041.9 191041.8 191041.8 191041.8 191041.9 191041.9 191041.8 191041.9 191041.8 191041.8 191041.8 191041.3 191041.8 191041.8 191041.8 
191041.7 191041.7 191041.8 191041.8 191041.8 191041.7 191041.7 191041.7 191041.8 191041.8 191041.9 191041.9 191041.9 191042 191042.1 191042.2 191042.3 191042.3 191042.3 191042.2 191042 191042 191042.2 191042.4 191042.4 191042.4 191041.6 191041.9 191041.8 191041.8 
191041.7 191041.7 191041.7 191041.7 191041.8 191041.8 191041.8 191041.8 191041.8 191041.8 191041.9 191041.9 191041.9 191041.9 191042 191042.1 191042.2 191042.2 191042.2 191042.1 191041.9 191042 191042.1 191042.3 191042.4 191042.3 191042.2 191042.1 191042.1 191042 
191041.7 191041.7 191041.8 191041.8 191042 191042 191041.9 191042 191041.9 191041.8 191041.8 191041.8 191041.8 191041.8 191041.8 191041.8 191041.8 191041.8 191041.8 191041.8 191041.9 191041.8 191041.8 191041.8 191041.8 191041.8 191041.8 191042 191042 191041.9 
191041.7 191041.8 191041.8 191041.8 191042 191042.1 191042.2 191042.2 191042.2 191042.2 191042.2 191042.2 191042.1 191042.1 191042 191041.9 191041.8 191041.8 191041.8 191042 191042.1 191042.1 191042 191041.9 191041.8 191041.8 191041.8 191041.7 191041.7 191041.7 
191041.7 191041.7 191041.7 191041.7 191041.7 191041.8 191042 191042 191042 191042.1 191042.2 191042.2 191042.1 191042.1 191042 191041.9 191041.8 191041.8 191041.8 191041.9 191041.9 191042 191042 191042 191041.9 191041.9 191041.8 191041.7 191041.7 191041.8 
191041.8 191041.8 191041.7 191041.7 191041.8 191041.8 191041.8 191041.8 191041.8 191041.8 191041.8 191041.8 191041.8 191041.7 191041.7 191041.7 191041.7 191041.7 191041.7 191041.7 191041.8 191041.8 191041.8 191041.8 191041.9 191041.9 191041.8 191041.8 191041.8 191041.8 
191041.8 191041.8 191041.8 191041.8 191041.8 191041.8 191041.8 191041.8 191041.9 191041.9 191041.9 191041.9 191041.8 191041.7 191041.7 191041.7 191041.7 191041.7 191041.7 191041.7 191041.8 191041.8 191041.7 191041.7 191041.7 191041.7 191041.7 191041.7 191041.8 191041.8 
191041.7 191041.7 191041.8 191041.8 191041.8 191041.8 191041.8 191041.8 191041.8 191041.8 191041.8 191041.8 191041.8 191041.8 191041.8 191041.8 191041.8 191041.8 191041.8 191041.8 191041.8 191041.8 191041.6 191041.6 191041.7 191041.7 191041.7 191041.7 191041.8 191041.8 
191041.6 191041.6 191041.6 191041.6 191041.6 191041.7 191041.7 191041.8 191041.8 191041.7 191041.7 191041.7 191041.7 191041.7 191041.8 191041.8 191041.8 191041.8 191041.8 191041.8 191041.8 191041.8 191041.7 191041.7 191041.7 191041.8 191041.8 191041.8 191041.8 191041.8 
191041.6 191041.6 191041.6 191041.6 191041.6 191041.7 191041.7 191041.8 191041.8 191041.7 191041.7 191041.7 191041.7 191041.7 191041.8 191041.8 191041.9 191041.9 191041.8 191041.8 191041.7 191041.7 191041.7 191041.7 191041.8 191041.8 191041.8 191041.8 191041.8 191041.8 
191041.7 191041.7 191041.7 191041.8 191041.8 191041.8 191041.8 191041.8 191041.8 191041.8 191041.8 191041.8 191041.8 191041.8 191041.8 191041.8 191041.8 191041.8 191041.8 191041.8 191041.7 191041.7 191041.7 191041.7 191041.7 191041.8 191041.8 191041.9 191041.9 191041.9 
191041.7 191041.8 191041.8 191041.9 191041.9 191041.8 191041.8 191041.7 191041.7 191041.6 191041.6 191041.6 191041.6 191041.7 191041.8 191041.8 191041.8 191041.8 191041.8 191041.8 191041.8 191041.8 191041.8 191041.7 191041.8 191041.8 191041.8 191041.8 191041.9 191041.9 
191041.7 191041.7 191041.8 191042 191042 191041.9 191041.8 191041.7 191041.7 191041.6 191041.6 191041.6 191041.6 191041.7 191041.8 191041.8 191041.9 191041.9 191041.8 191041.8 191041.9 191041.8 191041.8 191041.8 191041.8 191041.8 191041.8 191041.8 191041.8 191041.8 
191041.7 191041.7 191041.8 191041.8 191041.9 191041.8 191041.8 191041.8 191041.8 191041.8 191041.8 191041.8 191041.8 191041.8 191041.8 191041.8 191041.9 191042 191042 191042 191041.9 191041.8 191041.9 191042 191042 191042 191042 191042 191041.9 191041.8 
191041.7 191041.7 191041.8 191041.7 191041.8 191041.8 191041.7 191041.8 191041.7 191041.8 191041.7 191041.7 191041.8 191041.8 191041.8 191041.7 191041.8 191041.8 191042 191042 191041.8 191041.7 191041.8 191041.9 191042.1 191042 191041.9 191042 191041.8 191041.8 
