ncols         30
nrows         30
xllcorner     308214.21450703
yllcorner     6373026.5642768
cellsize      10
NODATA_value  -9999
155390.6 155390.6 155390.5 155390.5 155390.6 155390.5 155390.7 155390.5 155390.6 155390.6 155390.6 155390.6 155390.6 155390.6 155390.5 155390.9 155390.8 155390.8 155390.6 155390.6 155390.6 155390.6 155390.6 155390.6 155390.6 155390.6 155390.6 155390.7 155390.7 155390.7 
155390.5 155390.4 155390.4 155390.4 155390.5 155390.5 155390.5 155390.5 155390.6 155390.6 155390.5 155390.6 155390.6 155390.6 155390.7 155390.8 155390.8 155390.8 155390.7 155390.6 155390.6 155390.6 155390.6 155390.6 155390.6 155390.6 155390.6 155390.6 155390.7 155390.7 
155390.5 155390.4 155390.4 155390.4 155390.5 155390.5 155390.5 155390.6 155390.6 155390.6 155390.5 155390.5 155390.6 155390.6 155390.6 155390.6 155390.6 155390.6 155390.7 155390.7 155390.6 155390.5 155390.5 155390.5 155390.5 155390.5 155390.6 155390.6 155390.6 155390.6 
155390.6 155390.6 155390.6 155390.6 155390.6 155390.6 155390.6 155390.6 155390.6 155390.6 155390.6 155390.6 155390.6 155390.5 155390.5 155390.6 155390.7 155390.8 155390.8 155390.7 155390.6 155390.5 155390.5 155390.5 155390.5 155390.5 155390.6 155390.6 155390.6 155390.6 
155390.6 155390.6 155390.6 155390.7 155390.7 155390.7 155390.6 155390.6 155390.5 155390.5 155390.5 155390.6 155390.6 155390.5 155390.5 155390.6 155390.7 155390.7 155390.6 155390.6 155390.6 155390.6 155390.6 155390.6 155390.6 155390.6 155390.6 155390.6 155390.6 155390.6 
155390.7 155390.7 155390.6 155390.7 155390.7 155390.7 155390.7 155390.6 155390.5 155390.5 155390.5 155390.4 155390.3 155390.2 155390.1 155390 155390 155390.1 155390.3 155390.5 155390.5 155390.5 155390.4 155390.5 155390.5 155390.5 155390.5 155390.5 155390.4 155390.4 
155390.6 155390.6 155390.6 155390.6 155390.6 155390.7 155390.6 155390.6 155390.6 155390.6 155390.6 155390.5 155390.3 155390.2 155390.1 155390 155390 155390.1 155390.3 155390.5 155390.5 155390.5 155390.4 155390.5 155390.5 155390.5 155390.5 155390.5 155390.4 155390.4 
155390.6 155390.7 155390.7 155390.6 155390.7 155390.6 155390.6 155390.6 155390.5 155390.6 155390.6 155390.6 155390.6 155390.6 155390.6 155390.6 155390.6 155390.6 155390.6 155390.6 155390.6 155390.6 155390.6 155390.6 155390.6 155390.6 155390.6 155390.6 155390.6 155390.6 
155390.7 155390.7 155390.7 155390.7 155390.7 155390.7 155390.7 155390.6 155390.5 155390.4 155390.3 155390.2 155390.2 155390.2 155390.2 155390.2 155390.1 155390 155390 155390.1 155390.2 155390.2 155390.2 155390.2 155390.3 155390.3 155390.2 155390.1 155390.2 155390.4 
155390.7 155390.6 155390.6 155390.7 155390.7 155390.7 155390.6 155390.6 155390.5 155390.4 155390.3 155390.2 155390.2 155390.2 155390.2 155390.2 155390.1 155390 155390 155390.1 155390.2 155390.2 155390.2 155390.2 155390.3 155390.3 155390.2 155390.1 155390.1 155389.9 
155390.6 155390.6 155390.6 155390.5 155390.3 155390.2 155390.3 155390.5 155390.6 155390.6 155390.6 155390.6 155390.6 155390.6 155390.6 155390.6 155390.6 155390.6 155390.6 155390.6 155390.6 155390.6 155390.6 155390.6 155390.6 155390.6 155390.6 155390.6 155390.5 155390.5 
155390.6 155390.6 155390.6 155390.5 155390.3 155390.2 155390.3 155390.3 155390.3 155390.3 155390.3 155390.5 155390.6 155390.6 155390.5 155390.5 155390.5 155390.5 155390.4 155390.4 155390.3 155390.3 155390.4 155390.4 155390.3 155390.4 155390.5 155390.6 155390.6 155390.6 
155390.6 155390.6 155390.6 155390.6 155390.6 155390.6 155390.5 155390.4 155390.3 155390.3 155390.3 155390.5 155390.6 155390.6 155390.5 155390.5 155390.5 155390.5 155390.4 155390.4 155390.3 155390.3 155390.4 155390.4 155390.3 155390.4 155390.2 155390.7 155390.7 155390.6 
155390.7 155390.8 155390.7 155390.6 155390.6 155390.6 155390.6 155390.6 155390.6 155390.6 155390.6 155390.6 155390.6 155390.6 155390.6 155390.6 155390.6 155390.6 155390.6 155390.6 155390.6 155390.6 155390.6 155390.6 155390.6 155390.6 155390.2 155390.7 155390.7 155390.7 
155390.7 155390.8 155390.8 155390.7 155390.6 155390.5 155390.5 155390.5 155390.6 155390.7 155390.6 155390.6 155390.6 155390.6 155390.7 155390.7 155390.7 155390.7 155390.7 155390.7 155390.7 155390.7 155390.7 155390.7 155390.6 155390.6 155390.2 155390.6 155390.6 155390.6 
155390.6 155390.6 155390.6 155390.7 155390.6 155390.5 155390.5 155390.5 155390.6 155390.7 155390.7 155390.7 155390.8 155390.8 155390.9 155391 155391.1 155391.1 155391.1 155391 155390.9 155390.9 155391 155391.2 155391.3 155391.2 155390.6 155390.7 155390.6 155390.6 
155390.5 155390.5 155390.6 155390.6 155390.6 155390.6 155390.6 155390.6 155390.6 155390.6 155390.7 155390.7 155390.8 155390.8 155390.8 155390.9 155391 155391.1 155391 155390.9 155390.8 155390.8 155391 155391.1 155391.2 155391.2 155391 155391 155391 155390.8 
155390.5 155390.6 155390.6 155390.7 155390.9 155390.9 155390.8 155390.8 155390.7 155390.7 155390.6 155390.6 155390.6 155390.6 155390.6 155390.6 155390.6 155390.6 155390.6 155390.7 155390.8 155390.7 155390.6 155390.6 155390.6 155390.6 155390.7 155390.8 155390.9 155390.8 
155390.6 155390.6 155390.6 155390.7 155390.9 155391 155391 155391 155391.1 155391.1 155391.1 155391 155391 155390.9 155390.9 155390.7 155390.6 155390.6 155390.7 155390.8 155390.9 155391 155390.9 155390.8 155390.6 155390.6 155390.6 155390.5 155390.5 155390.5 
155390.6 155390.6 155390.6 155390.6 155390.6 155390.7 155390.8 155390.8 155390.9 155391 155391 155391 155391 155390.9 155390.8 155390.7 155390.6 155390.6 155390.7 155390.7 155390.7 155390.9 155390.9 155390.8 155390.8 155390.7 155390.7 155390.6 155390.5 155390.6 
155390.6 155390.6 155390.6 155390.6 155390.6 155390.6 155390.6 155390.7 155390.7 155390.7 155390.6 155390.6 155390.6 155390.5 155390.5 155390.5 155390.5 155390.6 155390.5 155390.5 155390.6 155390.6 155390.6 155390.6 155390.7 155390.7 155390.7 155390.6 155390.6 155390.6 
155390.6 155390.6 155390.6 155390.6 155390.6 155390.6 155390.7 155390.7 155390.7 155390.7 155390.8 155390.7 155390.6 155390.5 155390.5 155390.5 155390.5 155390.6 155390.5 155390.6 155390.6 155390.6 155390.5 155390.5 155390.5 155390.5 155390.5 155390.5 155390.6 155390.6 
155390.6 155390.6 155390.6 155390.6 155390.6 155390.6 155390.6 155390.6 155390.6 155390.6 155390.7 155390.7 155390.6 155390.6 155390.6 155390.6 155390.6 155390.6 155390.6 155390.6 155390.6 155390.6 155390.5 155390.4 155390.5 155390.5 155390.5 155390.5 155390.6 155390.6 
155390.5 155390.4 155390.4 155390.4 155390.4 155390.5 155390.5 155390.6 155390.6 155390.6 155390.5 155390.5 155390.5 155390.6 155390.6 155390.6 155390.6 155390.7 155390.6 155390.6 155390.6 155390.6 155390.5 155390.5 155390.5 155390.6 155390.6 155390.6 155390.6 155390.6 
155390.5 155390.4 155390.4 155390.4 155390.4 155390.5 155390.5 155390.6 155390.6 155390.6 155390.5 155390.5 155390.5 155390.6 155390.6 155390.7 155390.7 155390.7 155390.7 155390.6 155390.6 155390.5 155390.5 155390.6 155390.6 155390.6 155390.6 155390.7 155390.7 155390.6 
155390.5 155390.6 155390.6 155390.6 155390.6 155390.6 155390.6 155390.6 155390.6 155390.6 155390.6 155390.6 155390.6 155390.6 155390.6 155390.7 155390.7 155390.7 155390.6 155390.6 155390.6 155390.5 155390.5 155390.5 155390.6 155390.6 155390.7 155390.7 155390.8 155390.8 
155390.6 155390.6 155390.7 155390.7 155390.7 155390.7 155390.6 155390.5 155390.5 155390.5 155390.4 155390.4 155390.5 155390.6 155390.6 155390.6 155390.6 155390.6 155390.6 155390.6 155390.6 155390.6 155390.6 155390.6 155390.6 155390.6 155390.6 155390.6 155390.7 155390.7 
155390.5 155390.5 155390.7 155390.8 155390.8 155390.7 155390.6 155390.5 155390.5 155390.5 155390.4 155390.4 155390.5 155390.6 155390.6 155390.7 155390.8 155390.7 155390.6 155390.7 155390.7 155390.7 155390.7 155390.6 155390.6 155390.6 155390.6 155390.6 155390.6 155390.6 
155390.5 155390.5 155390.6 155390.7 155390.7 155390.6 155390.6 155390.6 155390.6 155390.6 155390.6 155390.6 155390.6 155390.6 155390.6 155390.7 155390.8 155390.8 155390.9 155390.9 155390.8 155390.7 155390.7 155390.8 155390.9 155390.9 155390.8 155390.8 155390.7 155390.7 
155390.5 155390.6 155390.6 155390.6 155390.6 155390.6 155390.5 155390.7 155390.5 155390.6 155390.6 155390.6 155390.6 155390.6 155390.6 155390.6 155390.6 155390.7 155390.8 155390.9 155390.7 155390.5 155390.6 155390.7 155390.9 155390.9 155390.8 155390.8 155390.7 155390.7 
