ncols         30
nrows         30
xllcorner     308214.21450703
yllcorner     6373026.5642768
cellsize      10
NODATA_value  -9999
127317.2 127317.2 127317.1 127317.2 127317.2 127317.1 127317.3 127317.1 127317.2 127317.2 127317.2 127317.2 127317.2 127317.2 127317.1 127317.5 127317.4 127317.4 127317.2 127317.2 127317.2 127317.2 127317.2 127317.2 127317.2 127317.2 127317.2 127317.3 127317.3 127317.3 
127317.1 127317 127317 127317 127317.1 127317.1 127317.1 127317.2 127317.2 127317.2 127317.1 127317.2 127317.2 127317.2 127317.3 127317.4 127317.4 127317.4 127317.3 127317.2 127317.2 127317.2 127317.2 127317.2 127317.2 127317.2 127317.2 127317.2 127317.3 127317.3 
127317.1 127317 127317 127317 127317.1 127317.1 127317.1 127317.2 127317.2 127317.2 127317.1 127317.1 127317.2 127317.2 127317.2 127317.2 127317.2 127317.2 127317.3 127317.3 127317.2 127317.1 127317.1 127317.1 127317.1 127317.1 127317.2 127317.2 127317.2 127317.2 
127317.2 127317.2 127317.2 127317.2 127317.2 127317.2 127317.2 127317.2 127317.2 127317.2 127317.2 127317.2 127317.2 127317.1 127317.1 127317.2 127317.3 127317.4 127317.4 127317.3 127317.2 127317.1 127317.1 127317.1 127317.1 127317.1 127317.2 127317.2 127317.2 127317.2 
127317.2 127317.2 127317.2 127317.3 127317.3 127317.3 127317.2 127317.2 127317.1 127317.1 127317.1 127317.2 127317.2 127317.1 127317.1 127317.2 127317.3 127317.3 127317.2 127317.2 127317.2 127317.2 127317.2 127317.2 127317.2 127317.2 127317.2 127317.2 127317.2 127317.2 
127317.3 127317.3 127317.2 127317.3 127317.3 127317.3 127317.3 127317.2 127317.1 127317.1 127317.1 127317.1 127316.9 127316.8 127316.7 127316.6 127316.7 127316.7 127316.9 127317.1 127317.1 127317.1 127317 127317.1 127317.1 127317.1 127317.1 127317.1 127317 127317 
127317.2 127317.2 127317.2 127317.2 127317.2 127317.3 127317.2 127317.2 127317.2 127317.2 127317.2 127317.1 127316.9 127316.8 127316.7 127316.6 127316.6 127316.7 127316.9 127317.1 127317.1 127317.1 127317 127317.1 127317.1 127317.1 127317.1 127317.1 127317 127317 
127317.2 127317.3 127317.3 127317.2 127317.3 127317.2 127317.2 127317.2 127317.1 127317.2 127317.2 127317.2 127317.2 127317.2 127317.2 127317.2 127317.2 127317.2 127317.2 127317.2 127317.2 127317.2 127317.2 127317.2 127317.2 127317.2 127317.2 127317.2 127317.2 127317.2 
127317.3 127317.3 127317.3 127317.3 127317.3 127317.3 127317.3 127317.2 127317.1 127317 127316.9 127316.8 127316.8 127316.8 127316.8 127316.8 127316.7 127316.7 127316.7 127316.7 127316.8 127316.8 127316.8 127316.8 127316.9 127316.9 127316.9 127316.8 127316.8 127317 
127317.3 127317.2 127317.2 127317.3 127317.3 127317.3 127317.2 127317.2 127317.1 127317 127316.9 127316.8 127316.8 127316.8 127316.8 127316.8 127316.7 127316.7 127316.7 127316.7 127316.8 127316.8 127316.8 127316.8 127316.9 127316.9 127316.9 127316.8 127316.8 127316.6 
127317.2 127317.2 127317.2 127317.1 127316.9 127316.8 127317 127317.1 127317.2 127317.2 127317.2 127317.2 127317.2 127317.2 127317.2 127317.2 127317.2 127317.2 127317.2 127317.2 127317.2 127317.2 127317.2 127317.2 127317.2 127317.2 127317.2 127317.2 127317.1 127317.1 
127317.2 127317.2 127317.2 127317.1 127317 127316.8 127316.9 127317 127316.9 127316.9 127317 127317.1 127317.2 127317.2 127317.2 127317.1 127317.1 127317.1 127317 127317 127316.9 127317 127317 127317 127316.9 127317 127317.1 127317.2 127317.2 127317.2 
127317.2 127317.2 127317.2 127317.2 127317.2 127317.2 127317.1 127317 127316.9 127316.9 127317 127317.1 127317.2 127317.2 127317.2 127317.1 127317.1 127317.1 127317 127317 127316.9 127317 127317 127317 127316.9 127317 127316.8 127317.3 127317.3 127317.2 
127317.3 127317.4 127317.3 127317.2 127317.2 127317.2 127317.2 127317.2 127317.2 127317.2 127317.2 127317.2 127317.2 127317.2 127317.2 127317.2 127317.2 127317.2 127317.2 127317.2 127317.2 127317.2 127317.2 127317.2 127317.2 127317.2 127316.9 127317.3 127317.3 127317.3 
127317.3 127317.4 127317.4 127317.3 127317.2 127317.1 127317.1 127317.1 127317.2 127317.3 127317.2 127317.2 127317.2 127317.2 127317.3 127317.3 127317.3 127317.3 127317.3 127317.3 127317.3 127317.3 127317.3 127317.3 127317.2 127317.2 127316.8 127317.2 127317.2 127317.2 
127317.2 127317.2 127317.2 127317.3 127317.2 127317.1 127317.1 127317.1 127317.2 127317.3 127317.3 127317.3 127317.3 127317.4 127317.5 127317.6 127317.7 127317.7 127317.7 127317.6 127317.5 127317.5 127317.6 127317.8 127317.9 127317.8 127317.2 127317.3 127317.2 127317.2 
127317.1 127317.1 127317.2 127317.2 127317.2 127317.2 127317.2 127317.2 127317.2 127317.2 127317.3 127317.3 127317.3 127317.4 127317.4 127317.5 127317.6 127317.6 127317.6 127317.5 127317.4 127317.4 127317.5 127317.7 127317.8 127317.8 127317.6 127317.6 127317.5 127317.4 
127317.1 127317.2 127317.2 127317.3 127317.4 127317.5 127317.4 127317.4 127317.3 127317.3 127317.2 127317.2 127317.2 127317.2 127317.2 127317.2 127317.2 127317.2 127317.2 127317.3 127317.4 127317.3 127317.2 127317.2 127317.2 127317.2 127317.3 127317.4 127317.5 127317.3 
127317.2 127317.2 127317.2 127317.3 127317.4 127317.6 127317.6 127317.6 127317.6 127317.6 127317.6 127317.6 127317.6 127317.5 127317.4 127317.3 127317.2 127317.2 127317.3 127317.4 127317.5 127317.5 127317.5 127317.4 127317.2 127317.2 127317.2 127317.1 127317.1 127317.1 
127317.2 127317.2 127317.2 127317.2 127317.2 127317.3 127317.4 127317.4 127317.5 127317.5 127317.6 127317.6 127317.6 127317.5 127317.4 127317.3 127317.2 127317.2 127317.3 127317.3 127317.3 127317.4 127317.5 127317.4 127317.4 127317.3 127317.3 127317.2 127317.1 127317.2 
127317.2 127317.2 127317.2 127317.2 127317.2 127317.2 127317.2 127317.3 127317.3 127317.3 127317.2 127317.2 127317.2 127317.1 127317.1 127317.1 127317.1 127317.2 127317.1 127317.1 127317.2 127317.2 127317.2 127317.2 127317.3 127317.3 127317.3 127317.2 127317.2 127317.2 
127317.2 127317.2 127317.2 127317.2 127317.2 127317.2 127317.3 127317.3 127317.3 127317.3 127317.3 127317.3 127317.2 127317.1 127317.1 127317.1 127317.1 127317.2 127317.1 127317.2 127317.2 127317.2 127317.1 127317.1 127317.1 127317.1 127317.1 127317.2 127317.2 127317.2 
127317.2 127317.2 127317.2 127317.2 127317.2 127317.2 127317.2 127317.2 127317.2 127317.2 127317.3 127317.3 127317.2 127317.2 127317.2 127317.2 127317.2 127317.2 127317.2 127317.2 127317.2 127317.2 127317.1 127317 127317.1 127317.1 127317.1 127317.2 127317.2 127317.2 
127317.1 127317 127317 127317 127317 127317.1 127317.2 127317.2 127317.2 127317.2 127317.1 127317.1 127317.1 127317.2 127317.2 127317.2 127317.2 127317.3 127317.2 127317.2 127317.2 127317.2 127317.2 127317.1 127317.2 127317.2 127317.2 127317.2 127317.2 127317.2 
127317.1 127317 127317 127317 127317 127317.1 127317.2 127317.2 127317.2 127317.2 127317.1 127317.1 127317.1 127317.2 127317.2 127317.3 127317.3 127317.3 127317.3 127317.2 127317.2 127317.1 127317.2 127317.2 127317.2 127317.2 127317.2 127317.3 127317.3 127317.2 
127317.2 127317.2 127317.2 127317.2 127317.2 127317.2 127317.2 127317.2 127317.2 127317.2 127317.2 127317.2 127317.2 127317.2 127317.2 127317.3 127317.3 127317.3 127317.2 127317.2 127317.2 127317.1 127317.1 127317.1 127317.2 127317.2 127317.3 127317.3 127317.4 127317.3 
127317.2 127317.2 127317.3 127317.3 127317.3 127317.3 127317.2 127317.2 127317.1 127317.1 127317 127317 127317.1 127317.2 127317.2 127317.2 127317.2 127317.2 127317.2 127317.2 127317.2 127317.2 127317.2 127317.2 127317.2 127317.2 127317.2 127317.2 127317.3 127317.3 
127317.1 127317.2 127317.3 127317.4 127317.4 127317.3 127317.2 127317.2 127317.1 127317.1 127317 127317 127317.1 127317.2 127317.2 127317.3 127317.4 127317.3 127317.2 127317.3 127317.3 127317.3 127317.3 127317.2 127317.2 127317.2 127317.2 127317.2 127317.2 127317.2 
127317.1 127317.1 127317.2 127317.3 127317.3 127317.2 127317.2 127317.2 127317.2 127317.2 127317.2 127317.2 127317.2 127317.2 127317.2 127317.3 127317.4 127317.4 127317.5 127317.5 127317.4 127317.3 127317.3 127317.4 127317.5 127317.5 127317.4 127317.4 127317.3 127317.3 
127317.2 127317.2 127317.2 127317.2 127317.2 127317.2 127317.1 127317.3 127317.1 127317.2 127317.2 127317.2 127317.2 127317.2 127317.2 127317.2 127317.2 127317.3 127317.4 127317.5 127317.3 127317.1 127317.2 127317.3 127317.5 127317.4 127317.4 127317.4 127317.3 127317.3 
